112076:2023-03-30:07,13,18,25,39
112075:2023-03-29:16,32,36,37,39
112074:2023-03-28:02,05,09,10,32
112073:2023-03-27:06,10,11,32,39
112072:2023-03-25:06,10,24,33,35
112071:2023-03-24:08,19,27,34,37
112070:2023-03-23:05,12,33,36,38
112069:2023-03-22:02,05,17,27,37
112068:2023-03-21:03,12,16,22,38
112067:2023-03-20:05,10,18,20,37
112066:2023-03-18:03,07,22,30,37
112065:2023-03-17:05,11,17,27,32
112064:2023-03-16:10,21,25,37,38
112063:2023-03-15:09,15,25,26,33
112062:2023-03-14:15,18,22,24,30
112061:2023-03-13:02,10,23,30,35
112060:2023-03-11:04,07,14,22,24
112059:2023-03-10:08,15,33,35,39
112058:2023-03-09:11,26,30,38,39
112057:2023-03-08:15,19,22,24,39
112056:2023-03-07:05,09,10,17,19
112055:2023-03-06:01,08,19,21,37
112054:2023-03-04:04,09,25,32,39
112053:2023-03-03:08,16,17,34,35
112052:2023-03-02:01,04,09,24,37
112051:2023-03-01:26,30,32,36,37
112050:2023-02-28:06,08,23,27,33
112049:2023-02-27:05,21,31,33,38
112048:2023-02-25:04,06,27,38,39
112047:2023-02-24:08,11,12,16,30
112046:2023-02-23:07,11,13,17,27
112045:2023-02-22:02,11,16,17,37
112044:2023-02-21:02,17,25,29,37
112043:2023-02-20:14,24,30,32,38
112042:2023-02-18:08,12,18,20,32
112041:2023-02-17:09,22,25,27,31
112040:2023-02-16:05,17,25,35,39
112039:2023-02-15:04,23,24,32,37
112038:2023-02-14:09,12,16,28,37
112037:2023-02-13:05,06,16,31,34
112036:2023-02-11:07,27,30,31,39
112035:2023-02-10:04,17,25,26,34
112034:2023-02-09:22,32,35,38,39
112033:2023-02-08:13,15,17,28,37
112032:2023-02-07:01,13,25,26,27
112031:2023-02-06:03,15,16,28,31
112030:2023-02-04:13,15,18,22,24
112029:2023-02-03:01,07,19,21,31
112028:2023-02-02:11,12,27,30,38
112027:2023-02-01:16,19,23,36,38
112026:2023-01-31:02,03,06,23,38
112025:2023-01-30:08,17,18,25,36
112024:2023-01-28:09,18,29,32,38
112023:2023-01-27:02,16,19,24,27
112022:2023-01-26:06,10,12,33,36
112021:2023-01-25:01,05,15,19,20
112020:2023-01-24:06,08,16,19,31
112019:2023-01-23:04,12,13,14,22
112018:2023-01-21:08,12,14,28,35
112017:2023-01-20:05,06,15,19,25
112016:2023-01-19:01,03,12,28,34
112015:2023-01-18:06,12,18,34,39
112014:2023-01-17:04,06,26,28,39
112013:2023-01-16:04,07,11,12,29
112012:2023-01-14:04,08,12,23,29
112011:2023-01-13:04,09,26,29,31
112010:2023-01-12:03,14,26,29,37
112009:2023-01-11:23,26,31,34,35
112008:2023-01-10:02,08,18,22,29
112007:2023-01-09:06,13,30,31,34
112006:2023-01-07:03,06,08,23,30
112005:2023-01-06:10,30,35,38,39
112004:2023-01-05:17,26,29,36,39
112003:2023-01-04:08,18,29,31,36
112002:2023-01-03:12,14,25,30,34
112001:2023-01-02:06,08,10,12,25
111313:2022-12-31:01,10,15,20,26
111312:2022-12-30:04,05,08,10,29
111311:2022-12-29:01,08,18,25,38
111310:2022-12-28:06,16,18,24,27
111309:2022-12-27:08,20,31,35,38
111308:2022-12-26:02,06,12,13,28
111307:2022-12-24:01,03,04,31,34
111306:2022-12-23:23,27,29,30,35
111305:2022-12-22:03,07,09,18,33
111304:2022-12-21:12,13,20,24,32
111303:2022-12-20:06,09,13,25,29
111302:2022-12-19:06,09,13,21,35
111301:2022-12-17:03,10,11,12,24
111300:2022-12-16:03,14,15,19,34
111299:2022-12-15:01,06,14,18,24
111298:2022-12-14:10,12,16,31,36
111297:2022-12-13:01,09,12,27,28
111296:2022-12-12:13,16,23,27,28
111295:2022-12-10:08,10,18,29,39
111294:2022-12-09:12,13,17,35,37
111293:2022-12-08:16,19,21,22,23
111292:2022-12-07:01,10,25,34,36
111291:2022-12-06:12,13,16,18,25
111290:2022-12-05:05,14,16,18,24
111289:2022-12-03:11,13,21,28,29
111288:2022-12-02:01,03,04,13,18
111287:2022-12-01:14,16,24,26,30
111286:2022-11-30:09,13,16,24,37
111285:2022-11-29:08,11,14,25,29
111284:2022-11-28:07,09,17,27,39
111283:2022-11-26:11,18,20,24,26
111282:2022-11-25:08,18,25,28,36
111281:2022-11-24:04,17,27,33,37
111280:2022-11-23:02,22,27,30,37
111279:2022-11-22:06,10,16,19,30
111278:2022-11-21:01,08,21,28,38
111277:2022-11-19:17,21,22,31,35
111276:2022-11-18:01,04,05,07,09
111275:2022-11-17:03,13,22,27,30
111274:2022-11-16:01,06,07,15,35
111273:2022-11-15:02,04,15,18,33
111272:2022-11-14:05,19,27,35,36
111271:2022-11-12:05,13,19,31,33
111270:2022-11-11:02,04,12,21,22
111269:2022-11-10:13,19,23,27,31
111268:2022-11-09:04,08,20,30,35
111267:2022-11-08:03,14,16,19,22
111266:2022-11-07:11,12,19,28,37
111265:2022-11-05:01,06,17,28,32
111264:2022-11-04:02,03,10,22,31
111263:2022-11-03:03,18,27,31,35
111262:2022-11-02:04,13,18,24,34
111261:2022-11-01:14,17,18,26,33
111260:2022-10-31:09,21,23,24,27
111259:2022-10-29:08,16,20,25,34
111258:2022-10-28:01,18,22,28,36
111257:2022-10-27:09,22,29,30,39
111256:2022-10-26:05,09,13,18,39
111255:2022-10-25:09,19,20,22,26
111254:2022-10-24:09,17,33,35,36
111253:2022-10-22:01,03,07,10,23
111252:2022-10-21:03,08,24,28,35
111251:2022-10-20:03,04,06,11,36
111250:2022-10-19:01,04,05,11,12
111249:2022-10-18:07,14,16,25,27
111248:2022-10-17:02,05,16,21,39
111247:2022-10-15:07,08,23,30,36
111246:2022-10-14:01,06,12,22,24
111245:2022-10-13:09,12,15,23,29
111244:2022-10-12:01,08,10,14,20
111243:2022-10-11:04,07,10,15,39
111242:2022-10-10:01,08,13,21,34
111241:2022-10-08:06,18,21,23,35
111240:2022-10-07:02,08,12,29,36
111239:2022-10-06:10,11,13,22,38
111238:2022-10-05:01,07,20,22,37
111237:2022-10-04:06,12,17,31,35
111236:2022-10-03:24,29,31,32,37
111235:2022-10-01:03,05,14,15,25
111234:2022-09-30:18,21,25,33,35
111233:2022-09-29:03,17,22,23,25
111232:2022-09-28:07,14,28,31,38
111231:2022-09-27:03,27,36,37,39
111230:2022-09-26:02,07,10,11,23
111229:2022-09-24:17,28,34,35,38
111228:2022-09-23:01,12,25,38,39
111227:2022-09-22:10,14,20,24,31
111226:2022-09-21:01,14,23,24,39
111225:2022-09-20:07,09,11,16,39
111224:2022-09-19:04,12,15,17,19
111223:2022-09-17:10,18,19,25,29
111222:2022-09-16:10,15,28,33,36
111221:2022-09-15:04,05,18,30,35
111220:2022-09-14:08,16,22,27,29
111219:2022-09-13:13,14,20,33,35
111218:2022-09-12:06,14,24,37,38
111217:2022-09-10:06,08,25,35,37
111216:2022-09-09:20,22,28,36,37
111215:2022-09-08:05,14,17,34,36
111214:2022-09-07:04,08,10,27,35
111213:2022-09-06:04,11,17,26,36
111212:2022-09-05:07,10,16,20,21
111211:2022-09-03:09,10,20,27,39
111210:2022-09-02:02,19,24,25,38
111209:2022-09-01:02,06,08,15,17
111208:2022-08-31:15,17,21,25,36
111207:2022-08-30:08,29,32,36,38
111206:2022-08-29:16,19,23,33,37
111205:2022-08-27:12,17,19,26,36
111204:2022-08-26:12,23,25,28,34
111203:2022-08-25:03,10,25,28,36
111202:2022-08-24:04,07,26,33,34
111201:2022-08-23:05,08,12,15,24
111200:2022-08-22:06,13,14,25,38
111199:2022-08-20:11,13,29,31,35
111198:2022-08-19:26,28,31,37,39
111197:2022-08-18:04,15,20,35,36
111196:2022-08-17:16,21,26,30,36
111195:2022-08-16:07,10,19,26,34
111194:2022-08-15:03,11,13,14,17
111193:2022-08-13:02,17,22,35,36
111192:2022-08-12:01,06,13,24,36
111191:2022-08-11:08,09,16,21,29
111190:2022-08-10:03,08,16,23,36
111189:2022-08-09:09,11,31,36,39
111188:2022-08-08:17,19,33,34,39
111187:2022-08-06:06,11,18,21,35
111186:2022-08-05:07,09,12,16,21
111185:2022-08-04:02,26,28,32,37
111184:2022-08-03:15,19,26,29,34
111183:2022-08-02:06,11,18,22,26
111182:2022-08-01:02,03,08,18,27
111181:2022-07-30:05,07,12,34,38
111180:2022-07-29:03,29,34,38,39
111179:2022-07-28:04,09,25,28,34
111178:2022-07-27:04,05,14,29,30
111177:2022-07-26:02,13,19,25,29
111176:2022-07-25:24,25,35,36,37
111175:2022-07-23:05,27,32,33,38
111174:2022-07-22:09,11,24,26,28
111173:2022-07-21:04,10,12,26,36
111172:2022-07-20:04,08,16,29,34
111171:2022-07-19:02,11,16,25,38
111170:2022-07-18:04,10,22,32,35
111169:2022-07-16:10,14,25,30,35
111168:2022-07-15:03,22,24,33,36
111167:2022-07-14:05,16,21,25,26
111166:2022-07-13:04,14,27,34,35
111165:2022-07-12:01,03,05,27,31
111164:2022-07-11:07,15,16,19,37
111163:2022-07-09:08,12,21,24,38
111162:2022-07-08:01,20,25,30,39
111161:2022-07-07:09,14,18,23,35
111160:2022-07-06:13,14,18,27,30
111159:2022-07-05:13,16,21,22,26
111158:2022-07-04:05,11,17,31,38
111157:2022-07-02:03,11,20,21,28
111156:2022-07-01:01,02,08,22,33
111155:2022-06-30:08,10,16,24,34
111154:2022-06-29:06,21,28,36,37
111153:2022-06-28:08,11,17,21,38
111152:2022-06-27:01,03,26,31,35
111151:2022-06-25:01,08,12,31,38
111150:2022-06-24:08,15,25,31,38
111149:2022-06-23:04,12,19,20,33
111148:2022-06-22:11,17,27,33,38
111147:2022-06-21:01,16,23,31,39
111146:2022-06-20:01,10,16,35,37
111145:2022-06-18:07,17,19,28,29
111144:2022-06-17:05,14,21,35,39
111143:2022-06-16:02,06,11,13,19
111142:2022-06-15:05,11,27,32,36
111141:2022-06-14:01,03,13,26,27
111140:2022-06-13:02,04,07,12,16
111139:2022-06-11:04,09,13,32,33
111138:2022-06-10:06,15,24,36,37
111137:2022-06-09:01,04,12,33,34
111136:2022-06-08:06,17,23,29,38
111135:2022-06-07:16,17,18,19,21
111134:2022-06-06:04,06,29,36,37
111133:2022-06-04:07,10,32,34,37
111132:2022-06-03:17,23,30,34,39
111131:2022-06-02:05,22,25,27,34
111130:2022-06-01:01,08,09,12,28
111129:2022-05-31:03,04,12,21,22
111128:2022-05-30:01,04,21,25,31
111127:2022-05-28:07,23,28,30,35
111126:2022-05-27:08,13,28,30,36
111125:2022-05-26:09,15,27,28,30
111124:2022-05-25:02,11,13,18,37
111123:2022-05-24:01,09,11,14,30
111122:2022-05-23:09,12,18,25,38
111121:2022-05-21:01,15,24,27,36
111120:2022-05-20:11,13,24,37,39
111119:2022-05-19:05,15,22,35,36
111118:2022-05-18:06,09,18,24,37
111117:2022-05-17:24,27,31,34,37
111116:2022-05-16:17,20,23,25,36
111115:2022-05-14:01,12,19,22,31
111114:2022-05-13:03,15,16,19,31
111113:2022-05-12:03,09,22,33,37
111112:2022-05-11:04,05,06,10,33
111111:2022-05-10:04,10,14,19,20
111110:2022-05-09:11,12,15,21,38
111109:2022-05-07:01,04,14,37,38
111108:2022-05-06:02,07,11,13,31
111107:2022-05-05:09,18,29,31,33
111106:2022-05-04:02,03,11,23,27
111105:2022-05-03:08,12,14,22,28
111104:2022-05-02:03,09,10,12,34
111103:2022-04-30:04,13,29,32,37
111102:2022-04-29:07,14,31,32,38
111101:2022-04-28:10,14,16,24,36
111100:2022-04-27:03,14,25,29,30
111099:2022-04-26:08,20,21,25,38
111098:2022-04-25:02,07,09,19,21
111097:2022-04-23:10,23,26,33,39
111096:2022-04-22:03,07,11,20,27
111095:2022-04-21:01,05,15,19,36
111094:2022-04-20:02,06,26,29,37
111093:2022-04-19:10,24,25,29,32
111092:2022-04-18:11,18,20,35,38
111091:2022-04-16:06,07,13,20,30
111090:2022-04-15:07,15,19,25,27
111089:2022-04-14:11,13,17,18,29
111088:2022-04-13:15,18,20,22,23
111087:2022-04-12:19,23,32,34,36
111086:2022-04-11:09,20,29,36,39
111085:2022-04-09:02,20,26,27,37
111084:2022-04-08:02,05,20,21,23
111083:2022-04-07:03,07,25,36,37
111082:2022-04-06:02,03,09,29,33
111081:2022-04-05:07,09,31,37,39
111080:2022-04-04:04,17,29,32,37
111079:2022-04-02:03,13,23,26,32
111078:2022-04-01:05,07,17,25,37
111077:2022-03-31:05,08,12,17,19
111076:2022-03-30:01,21,28,29,34
111075:2022-03-29:03,16,26,27,36
111074:2022-03-28:06,17,21,25,29
111073:2022-03-26:03,12,22,33,39
111072:2022-03-25:08,12,13,14,18
111071:2022-03-24:01,12,13,19,31
111070:2022-03-23:12,13,20,27,30
111069:2022-03-22:09,27,29,34,35
111068:2022-03-21:03,06,07,21,24
111067:2022-03-19:02,10,25,26,35
111066:2022-03-18:03,14,23,29,30
111065:2022-03-17:18,19,26,34,37
111064:2022-03-16:10,18,19,33,35
111063:2022-03-15:02,04,07,30,38
111062:2022-03-14:10,16,17,19,23
111061:2022-03-12:07,10,14,17,20
111060:2022-03-11:04,06,11,20,29
111059:2022-03-10:12,14,19,33,34
111058:2022-03-09:01,05,21,24,28
111057:2022-03-08:09,10,11,25,35
111056:2022-03-07:10,11,24,32,38
111055:2022-03-05:10,12,18,30,34
111054:2022-03-04:03,13,14,16,26
111053:2022-03-03:05,11,16,24,27
111052:2022-03-02:06,15,16,21,23
111051:2022-03-01:10,15,17,28,32
111050:2022-02-28:07,17,18,34,37
111049:2022-02-26:13,17,24,34,35
111048:2022-02-25:05,17,22,35,39
111047:2022-02-24:10,11,28,30,33
111046:2022-02-23:02,11,16,28,38
111045:2022-02-22:08,13,23,25,37
111044:2022-02-21:01,06,15,22,36
111043:2022-02-19:23,27,31,34,35
111042:2022-02-18:03,08,15,17,26
111041:2022-02-17:04,07,15,32,37
111040:2022-02-16:05,16,22,23,30
111039:2022-02-15:05,09,15,29,33
111038:2022-02-14:09,14,21,28,34
111037:2022-02-12:04,07,11,21,22
111036:2022-02-11:14,29,35,38,39
111035:2022-02-10:12,14,35,37,38
111034:2022-02-09:02,11,17,18,38
111033:2022-02-08:08,11,19,23,34
111032:2022-02-07:10,20,31,34,38
111031:2022-02-05:01,02,12,19,34
111030:2022-02-04:06,15,19,23,39
111029:2022-02-03:09,12,25,35,39
111028:2022-02-02:14,15,19,22,25
111027:2022-02-01:17,20,22,38,39
111026:2022-01-31:05,16,17,33,38
111025:2022-01-29:08,12,18,23,38
111024:2022-01-28:01,16,20,30,31
111023:2022-01-27:03,09,24,34,35
111022:2022-01-26:12,22,29,30,36
111021:2022-01-25:08,19,20,24,37
111020:2022-01-24:05,11,24,30,38
111019:2022-01-22:06,27,29,32,38
111018:2022-01-21:13,17,18,35,39
111017:2022-01-20:03,31,33,35,38
111016:2022-01-19:09,15,17,26,38
111015:2022-01-18:01,16,19,26,38
111014:2022-01-17:01,22,24,33,36
111013:2022-01-15:14,21,27,32,33
111012:2022-01-14:04,06,08,09,17
111011:2022-01-13:01,05,26,28,39
111010:2022-01-12:03,07,13,16,28
111009:2022-01-11:02,11,17,20,36
111008:2022-01-10:03,09,10,14,37
111007:2022-01-08:02,04,18,30,39
111006:2022-01-07:12,13,25,26,39
111005:2022-01-06:01,16,22,35,39
111004:2022-01-05:06,15,18,27,38
111003:2022-01-04:02,05,11,27,30
111002:2022-01-03:03,07,09,36,38
111001:2022-01-01:04,06,07,23,36
110313:2021-12-31:05,11,17,27,39
110312:2021-12-30:08,10,18,20,27
110311:2021-12-29:02,03,18,23,30
110310:2021-12-28:14,23,34,35,36
110309:2021-12-27:04,07,10,13,31
110308:2021-12-25:07,10,20,31,37
110307:2021-12-24:08,15,19,29,39
110306:2021-12-23:06,07,16,18,25
110305:2021-12-22:03,05,13,16,29
110304:2021-12-21:21,23,32,34,38
110303:2021-12-20:05,09,18,28,33
110302:2021-12-18:14,15,21,26,33
110301:2021-12-17:12,18,23,25,36
110300:2021-12-16:04,13,20,28,35
110299:2021-12-15:01,06,10,19,25
110298:2021-12-14:11,13,33,34,35
110297:2021-12-13:03,19,34,35,36
110296:2021-12-11:03,13,16,31,33
110295:2021-12-10:03,05,21,27,30
110294:2021-12-09:08,10,11,18,28
110293:2021-12-08:09,13,25,28,29
110292:2021-12-07:05,09,23,30,38
110291:2021-12-06:15,16,21,27,29
110290:2021-12-04:13,14,32,34,36
110289:2021-12-03:02,15,24,26,31
110288:2021-12-02:02,17,20,23,39
110287:2021-12-01:01,07,17,29,36
110286:2021-11-30:01,05,06,07,24
110285:2021-11-29:03,05,07,15,17
110284:2021-11-27:14,15,16,25,28
110283:2021-11-26:08,19,20,24,34
110282:2021-11-25:10,14,16,20,24
110281:2021-11-24:04,10,17,24,26
110280:2021-11-23:23,27,28,35,36
110279:2021-11-22:03,05,19,20,30
110278:2021-11-20:08,11,23,32,36
110277:2021-11-19:21,24,25,26,36
110276:2021-11-18:03,15,22,32,38
110275:2021-11-17:04,12,17,22,24
110274:2021-11-16:01,04,07,20,32
110273:2021-11-15:02,20,25,32,35
110272:2021-11-13:01,02,08,26,37
110271:2021-11-12:02,19,25,32,34
110270:2021-11-11:13,15,17,18,35
110269:2021-11-10:05,09,17,24,26
110268:2021-11-09:13,23,25,27,34
110267:2021-11-08:06,13,15,18,26
110266:2021-11-06:02,13,24,25,32
110265:2021-11-05:09,11,14,28,30
110264:2021-11-04:05,15,21,32,34
110263:2021-11-03:01,12,21,25,32
110262:2021-11-02:02,19,22,35,38
110261:2021-11-01:07,12,18,25,33
110260:2021-10-30:17,26,27,33,34
110259:2021-10-29:03,09,21,33,35
110258:2021-10-28:14,18,20,23,39
110257:2021-10-27:13,20,23,30,33
110256:2021-10-26:06,10,32,34,39
110255:2021-10-25:02,14,27,31,36
110254:2021-10-23:04,13,22,24,34
110253:2021-10-22:06,21,25,29,36
110252:2021-10-21:01,04,11,34,36
110251:2021-10-20:11,21,24,31,32
110250:2021-10-19:10,11,20,22,34
110249:2021-10-18:02,08,09,18,28
110248:2021-10-16:11,12,25,28,30
110247:2021-10-15:01,29,35,38,39
110246:2021-10-14:04,05,11,16,33
110245:2021-10-13:01,05,11,17,31
110244:2021-10-12:02,16,22,24,29
110243:2021-10-11:06,18,24,26,30
110242:2021-10-09:06,13,20,30,36
110241:2021-10-08:21,23,27,36,37
110240:2021-10-07:15,16,26,28,38
110239:2021-10-06:04,08,13,18,22
110238:2021-10-05:05,24,25,30,39
110237:2021-10-04:22,26,30,31,37
110236:2021-10-02:09,15,19,20,25
110235:2021-10-01:01,10,19,28,37
110234:2021-09-30:06,07,19,23,35
110233:2021-09-29:02,03,11,19,38
110232:2021-09-28:03,09,28,32,35
110231:2021-09-27:01,14,28,29,30
110230:2021-09-25:04,15,16,23,30
110229:2021-09-24:02,03,30,33,34
110228:2021-09-23:05,12,22,32,36
110227:2021-09-22:15,18,19,20,35
110226:2021-09-21:10,18,29,31,34
110225:2021-09-20:10,11,31,35,39
110224:2021-09-18:01,05,12,22,34
110223:2021-09-17:01,17,23,30,34
110222:2021-09-16:07,12,16,19,33
110221:2021-09-15:01,03,06,19,32
110220:2021-09-14:02,06,17,19,38
110219:2021-09-13:03,06,09,32,39
110218:2021-09-11:04,06,12,14,25
110217:2021-09-10:03,08,17,25,39
110216:2021-09-09:04,12,20,23,27
110215:2021-09-08:04,07,12,28,37
110214:2021-09-07:01,07,15,17,38
110213:2021-09-06:04,09,22,26,39
110212:2021-09-04:08,15,27,33,35
110211:2021-09-03:02,08,28,37,38
110210:2021-09-02:04,20,27,29,35
110209:2021-09-01:07,12,18,19,39
110208:2021-08-31:04,15,28,29,35
110207:2021-08-30:02,14,24,36,39
110206:2021-08-28:02,05,12,32,37
110205:2021-08-27:03,18,23,32,33
110204:2021-08-26:03,11,32,36,39
110203:2021-08-25:14,15,26,31,34
110202:2021-08-24:08,17,20,24,27
110201:2021-08-23:06,11,24,29,37
110200:2021-08-21:18,24,29,31,33
110199:2021-08-20:01,05,10,31,38
110198:2021-08-19:08,12,19,26,38
110197:2021-08-18:10,11,15,16,36
110196:2021-08-17:03,17,19,35,37
110195:2021-08-16:07,10,16,24,34
110194:2021-08-14:03,08,18,30,37
110193:2021-08-13:05,25,27,35,37
110192:2021-08-12:01,03,07,19,30
110191:2021-08-11:17,20,28,30,38
110190:2021-08-10:08,22,23,29,31
110189:2021-08-09:09,12,18,22,38
110188:2021-08-07:02,04,08,11,22
110187:2021-08-06:04,07,11,18,19
110186:2021-08-05:04,06,25,27,29
110185:2021-08-04:10,20,32,34,39
110184:2021-08-03:05,09,24,25,36
110183:2021-08-02:04,24,25,28,33
110182:2021-07-31:04,05,17,33,35
110181:2021-07-30:06,09,17,27,30
110180:2021-07-29:13,20,21,23,25
110179:2021-07-28:06,12,17,18,24
110178:2021-07-27:03,05,27,30,35
110177:2021-07-26:01,05,08,16,38
110176:2021-07-24:01,08,12,17,31
110175:2021-07-23:10,17,18,20,28
110174:2021-07-22:01,09,16,32,38
110173:2021-07-21:09,16,24,32,38
110172:2021-07-20:09,14,22,36,38
110171:2021-07-19:06,07,08,09,30
110170:2021-07-17:02,16,21,31,37
110169:2021-07-16:02,07,17,18,26
110168:2021-07-15:07,15,23,25,31
110167:2021-07-14:01,12,14,18,26
110166:2021-07-13:10,15,18,24,25
110165:2021-07-12:04,07,17,29,37
110164:2021-07-10:09,26,28,35,38
110163:2021-07-09:12,13,15,30,37
110162:2021-07-08:22,23,27,35,37
110161:2021-07-07:01,11,17,25,29
110160:2021-07-06:10,11,19,21,39
110159:2021-07-05:01,20,24,32,35
110158:2021-07-03:08,20,23,27,29
110157:2021-07-02:02,05,07,26,32
110156:2021-07-01:19,20,28,31,38
110155:2021-06-30:04,06,26,28,39
110154:2021-06-29:06,09,15,17,24
110153:2021-06-28:06,17,29,33,39
110152:2021-06-26:17,26,31,32,35
110151:2021-06-25:04,12,17,20,23
110150:2021-06-24:05,29,31,35,36
110149:2021-06-23:06,12,14,28,35
110148:2021-06-22:03,11,31,32,39
110147:2021-06-21:04,10,12,36,37
110146:2021-06-19:01,12,33,36,39
110145:2021-06-18:11,13,20,29,33
110144:2021-06-17:08,28,31,36,39
110143:2021-06-16:07,17,18,21,27
110142:2021-06-15:14,17,27,32,36
110141:2021-06-14:17,25,27,33,35
110140:2021-06-12:03,04,13,17,25
110139:2021-06-11:03,18,22,27,33
110138:2021-06-10:01,13,14,22,33
110137:2021-06-09:03,05,07,11,16
110136:2021-06-08:03,08,19,22,38
110135:2021-06-07:06,12,15,20,39
110134:2021-06-05:01,03,10,17,24
110133:2021-06-04:06,12,13,15,39
110132:2021-06-03:01,11,14,29,36
110131:2021-06-02:04,19,29,33,37
110130:2021-06-01:04,06,30,32,35
110129:2021-05-31:18,23,31,32,35
110128:2021-05-29:01,11,19,27,38
110127:2021-05-28:23,24,32,35,38
110126:2021-05-27:21,24,26,29,32
110125:2021-05-26:06,07,30,32,36
110124:2021-05-25:03,14,25,33,37
110123:2021-05-24:12,14,23,24,36
110122:2021-05-22:06,14,22,23,31
110121:2021-05-21:04,09,33,34,38
110120:2021-05-20:13,30,31,35,37
110119:2021-05-19:05,08,17,27,36
110118:2021-05-18:09,12,18,27,37
110117:2021-05-17:03,15,27,33,36
110116:2021-05-15:02,07,28,31,39
110115:2021-05-14:10,28,29,31,36
110114:2021-05-13:13,16,17,25,37
110113:2021-05-12:08,14,17,21,30
110112:2021-05-11:11,15,17,31,36
110111:2021-05-10:14,15,17,28,37
110110:2021-05-08:19,23,26,31,34
110109:2021-05-07:06,07,08,17,33
110108:2021-05-06:03,07,13,21,22
110107:2021-05-05:08,19,27,29,39
110106:2021-05-04:20,21,23,36,39
110105:2021-05-03:04,13,15,29,32
110104:2021-05-01:12,13,19,20,31
110103:2021-04-30:07,17,21,32,35
110102:2021-04-29:08,10,23,32,35
110101:2021-04-28:07,12,16,22,23
110100:2021-04-27:12,22,24,31,35
110099:2021-04-26:01,05,16,17,21
110098:2021-04-24:05,06,10,11,13
110097:2021-04-23:02,08,16,22,28
110096:2021-04-22:05,07,08,25,26
110095:2021-04-21:04,19,29,37,39
110094:2021-04-20:16,20,23,24,35
110093:2021-04-19:01,04,09,29,39
110092:2021-04-17:07,08,23,25,31
110091:2021-04-16:02,07,21,22,28
110090:2021-04-15:06,07,17,25,37
110089:2021-04-14:03,08,12,20,33
110088:2021-04-13:06,11,13,22,23
110087:2021-04-12:17,22,34,37,39
110086:2021-04-10:02,04,18,20,34
110085:2021-04-09:06,16,20,25,34
110084:2021-04-08:02,07,09,29,35
110083:2021-04-07:01,10,24,35,38
110082:2021-04-06:10,12,17,29,35
110081:2021-04-05:01,17,25,36,38
110080:2021-04-03:06,08,12,23,25
110079:2021-04-02:24,28,31,33,36